0: (0,0,0): 4.0	4.0	3.0	4.0	4.0
1: (0,0,0): 4.0	4.0	3.0	4.0	4.0
2: (0,0,0): 4.0	5.0	4.0	5.0	4.0
3: (0,0,0): 4.0	5.0	4.0	5.0	5.0
4: (0,0,0): 4.0	4.0	3.0	4.0	4.0
5: (0,0,0): 4.0	5.0	3.0	4.0	4.0
6: (0,0,0): 4.0	5.0	4.0	5.0	4.0
7: (0,0,0): 4.0	4.0	3.0	4.0	4.0
8: (0,0,0): -1	-1	-1	-1	-1
9: (0,0,0): 4.0	4.0	3.0	4.0	4.0
10: (0,0,0): 4.0	4.0	3.0	4.0	4.0
11: (0,0,0): -1	-1	-1	-1	-1
12: (0,0,0): 4.0	4.0	4.0	5.0	4.0
13: (0,0,0): 4.0	5.0	4.0	5.0	4.0
14: (0,0,0): 4.0	4.0	4.0	4.0	4.0
15: (0,0,0): 4.0	4.0	3.0	4.0	4.0
16: (0,0,0): 4.0	5.0	4.0	5.0	4.0
17: (0,0,0): 4.0	4.0	3.0	4.0	4.0
18: (0,0,0): 4.0	4.0	3.0	4.0	4.0
19: (0,0,0): 4.0	4.0	3.0	4.0	4.0
20: (0,0,0): 4.0	4.0	3.0	4.0	4.0
21: (0,0,0): -1	-1	-1	-1	-1
22: (0,0,0): 4.0	4.0	3.0	4.0	4.0
23: (0,0,0): -1	-1	-1	-1	-1
24: (0,0,0): 4.0	4.0	3.0	4.0	4.0
25: (0,0,0): 4.0	4.0	4.0	5.0	4.0
26: (0,0,0): 4.0	5.0	3.0	4.0	4.0
27: (0,0,0): 4.0	5.0	4.0	5.0	4.0
28: (0,0,0): 4.0	5.0	4.0	5.0	4.0
29: (0,0,0): 4.0	5.0	3.0	5.0	4.0
30: (0,0,0): 4.0	5.0	3.0	4.0	4.0
31: (0,0,0): 4.0	4.0	3.0	4.0	4.0
32: (0,0,0): 4.0	5.0	4.0	5.0	4.0
33: (0,0,0): 4.0	5.0	4.0	5.0	5.0
34: (0,0,0): 4.0	5.0	4.0	4.0	4.0
35: (0,0,0): 4.0	4.0	3.0	4.0	4.0
36: (0,0,0): 4.0	4.0	3.0	4.0	4.0
37: (0,0,0): 4.0	5.0	3.0	4.0	4.0
38: (0,0,0): 4.0	5.0	4.0	5.0	4.0
39: (0,0,0): 4.0	4.0	4.0	4.0	4.0
40: (0,0,0): 4.0	4.0	3.0	4.0	4.0
41: (0,0,0): 4.0	5.0	3.0	4.0	4.0
42: (0,0,0): 4.0	4.0	4.0	4.0	4.0
43: (0,0,0): 4.0	4.0	3.0	4.0	4.0
44: (0,0,0): 4.0	5.0	4.0	4.0	4.0
45: (0,0,0): 4.0	5.0	3.0	5.0	4.0
46: (0,0,0): 4.0	5.0	4.0	4.0	4.0
47: (0,0,0): 4.0	5.0	3.0	5.0	4.0
48: (0,0,0): 4.0	4.0	3.0	4.0	4.0
49: (0,0,0): 4.0	4.0	3.0	4.0	4.0
50: (0,0,0): 4.0	4.0	4.0	5.0	4.0
51: (0,0,0): 4.0	5.0	4.0	5.0	5.0
52: (0,0,0): 4.0	5.0	3.0	5.0	4.0
53: (0,0,0): 4.0	5.0	4.0	5.0	4.0
54: (0,0,0): 4.0	4.0	3.0	4.0	4.0
55: (0,0,0): 4.0	4.0	4.0	4.0	4.0
56: (0,0,0): 4.0	4.0	3.0	4.0	4.0
57: (0,0,0): 4.0	4.0	4.0	4.0	4.0
58: (0,0,0): 4.0	4.0	3.0	4.0	4.0
59: (0,0,0): 4.0	4.0	3.0	4.0	4.0
60: (0,0,0): 4.0	5.0	4.0	5.0	4.0
61: (0,0,0): 4.0	4.0	3.0	4.0	4.0
62: (0,0,0): 4.0	5.0	4.0	5.0	4.0
63: (0,0,0): 4.0	5.0	4.0	5.0	4.0
64: (0,0,0): 4.0	5.0	3.0	5.0	4.0
65: (0,0,0): 4.0	4.0	3.0	4.0	4.0
66: (0,0,0): 4.0	5.0	4.0	4.0	4.0
67: (0,0,0): 4.0	5.0	4.0	4.0	4.0
68: (0,0,0): 4.0	5.0	4.0	5.0	4.0
69: (0,0,0): 4.0	4.0	3.0	4.0	4.0
70: (0,0,0): 4.0	4.0	3.0	4.0	4.0
71: (0,0,0): 4.0	4.0	3.0	4.0	4.0
72: (0,0,0): 4.0	5.0	4.0	5.0	4.0
73: (0,0,0): -1	-1	-1	-1	-1
74: (0,0,0): 4.0	4.0	4.0	4.0	4.0
75: (0,0,0): 4.0	5.0	4.0	5.0	5.0
76: (0,0,0): 4.0	4.0	3.0	4.0	4.0
77: (0,0,0): 4.0	4.0	3.0	4.0	4.0
78: (0,0,0): 4.0	4.0	3.0	4.0	4.0
79: (0,0,0): 4.0	4.0	3.0	4.0	4.0
80: (0,0,0): 4.0	4.0	3.0	4.0	4.0
81: (0,0,0): 4.0	5.0	4.0	4.0	4.0
82: (0,0,0): 4.0	5.0	4.0	4.0	4.0
83: (0,0,0): 4.0	5.0	4.0	4.0	4.0
84: (0,0,0): 5.0	5.0	4.0	5.0	5.0
85: (0,0,0): -1	-1	-1	-1	-1
86: (0,0,0): -1	-1	-1	-1	-1
87: (0,0,0): 4.0	5.0	4.0	5.0	5.0
88: (0,0,0): 4.0	5.0	4.0	5.0	5.0
89: (0,0,0): 4.0	4.0	3.0	4.0	4.0
90: (0,0,1): 4.0	4.0	3.0	4.0	4.0
91: (0,0,1): 4.0	4.0	4.0	4.0	4.0
92: (0,0,1): 4.0	4.0	3.0	4.0	4.0
93: (0,0,1): 4.0	4.0	3.0	4.0	4.0
94: (0,0,1): 4.0	4.0	4.0	5.0	4.0
95: (0,0,1): 4.0	4.0	4.0	4.0	4.0
96: (0,0,1): 4.0	5.0	4.0	5.0	5.0
97: (0,0,1): 4.0	5.0	4.0	5.0	5.0
98: (0,0,1): 4.0	4.0	4.0	4.0	4.0
99: (0,0,1): 4.0	5.0	4.0	4.0	4.0
100: (0,0,1): 4.0	4.0	4.0	4.0	4.0
101: (0,0,1): 4.0	4.0	4.0	4.0	4.0
102: (0,0,1): 4.0	5.0	4.0	4.0	4.0
103: (0,0,1): -1	-1	-1	-1	-1
104: (0,0,1): -1	-1	-1	-1	-1
105: (0,0,1): -1	-1	-1	-1	-1
106: (0,0,1): 4.0	4.0	4.0	4.0	4.0
107: (0,0,1): 4.0	5.0	4.0	5.0	5.0
108: (0,0,1): 4.0	4.0	4.0	4.0	4.0
109: (0,0,1): 4.0	4.0	4.0	4.0	4.0
110: (0,0,1): 4.0	4.0	4.0	4.0	4.0
111: (0,0,1): 4.0	4.0	4.0	4.0	4.0
112: (0,0,1): 4.0	4.0	3.0	4.0	4.0
113: (0,0,1): 4.0	5.0	4.0	4.0	4.0
114: (0,0,1): 4.0	4.0	4.0	4.0	4.0
115: (0,0,1): 4.0	5.0	4.0	5.0	4.0
116: (0,0,1): 3.0	4.0	4.0	4.0	4.0
117: (0,0,1): -1	-1	-1	-1	-1
118: (0,0,1): 4.0	4.0	4.0	4.0	4.0
119: (0,0,1): 4.0	5.0	4.0	4.0	4.0
120: (0,0,1): 4.0	4.0	3.0	4.0	4.0
121: (0,0,1): 4.0	4.0	4.0	5.0	4.0
122: (0,0,1): 4.0	4.0	4.0	4.0	4.0
123: (0,0,1): 4.0	4.0	4.0	4.0	4.0
124: (0,0,1): 4.0	5.0	4.0	4.0	4.0
125: (0,0,1): 4.0	4.0	4.0	4.0	4.0
126: (0,0,1): 4.0	4.0	4.0	4.0	4.0
127: (0,0,1): 4.0	4.0	3.0	4.0	4.0
128: (0,0,1): 4.0	4.0	3.0	4.0	4.0
129: (0,0,1): 4.0	4.0	5.0	4.0	4.0
130: (0,0,1): 4.0	5.0	4.0	4.0	4.0
131: (0,0,1): 4.0	5.0	4.0	5.0	5.0
132: (0,0,1): 4.0	4.0	4.0	4.0	4.0
133: (0,0,1): 4.0	4.0	4.0	4.0	4.0
134: (0,0,1): 4.0	4.0	4.0	4.0	4.0
135: (0,0,1): 4.0	4.0	4.0	4.0	4.0
136: (0,0,1): 4.0	4.0	4.0	4.0	4.0
137: (0,0,1): 4.0	4.0	4.0	4.0	4.0
138: (0,0,1): 4.0	5.0	4.0	5.0	5.0
139: (0,0,1): 4.0	5.0	4.0	4.0	4.0
140: (0,0,1): 4.0	4.0	3.0	4.0	4.0
141: (0,0,1): -1	-1	-1	-1	-1
142: (0,0,1): 4.0	4.0	4.0	4.0	4.0
143: (0,0,1): 4.0	4.0	4.0	4.0	4.0
144: (0,0,1): 4.0	4.0	3.0	4.0	4.0
145: (0,0,1): 4.0	4.0	4.0	4.0	4.0
146: (0,0,1): 4.0	5.0	4.0	4.0	4.0
147: (0,0,1): 4.0	5.0	4.0	4.0	4.0
148: (0,0,1): 4.0	4.0	4.0	4.0	4.0
149: (0,0,1): 4.0	5.0	4.0	4.0	4.0
150: (0,0,1): 4.0	4.0	4.0	4.0	4.0
151: (0,0,1): -1	-1	-1	-1	-1
152: (0,0,1): 4.0	4.0	4.0	4.0	4.0
153: (0,0,1): 4.0	4.0	3.0	4.0	4.0
154: (0,0,1): 4.0	4.0	4.0	4.0	4.0
155: (0,0,1): 4.0	5.0	4.0	4.0	4.0
156: (0,0,1): 4.0	4.0	4.0	4.0	4.0
157: (0,0,1): 4.0	4.0	3.0	4.0	4.0
158: (0,0,1): 4.0	5.0	4.0	4.0	4.0
159: (0,0,1): 4.0	4.0	4.0	4.0	4.0
160: (0,0,1): 4.0	4.0	4.0	4.0	4.0
161: (0,0,1): 4.0	4.0	4.0	4.0	4.0
162: (0,0,1): 4.0	5.0	4.0	4.0	4.0
163: (0,0,1): -1	-1	-1	-1	-1
164: (0,0,1): 3.0	4.0	3.0	4.0	4.0
165: (0,0,1): 4.0	4.0	4.0	5.0	4.0
166: (0,0,1): -1	-1	-1	-1	-1
167: (0,0,1): 3.0	4.0	4.0	4.0	4.0
168: (0,0,1): 4.0	5.0	4.0	5.0	4.0
169: (0,0,1): -1	-1	-1	-1	-1
170: (0,0,1): 4.0	4.0	4.0	4.0	4.0
171: (0,0,1): 4.0	4.0	4.0	4.0	4.0
172: (0,0,1): 4.0	4.0	4.0	4.0	4.0
173: (0,0,1): 4.0	5.0	4.0	4.0	4.0
174: (0,0,1): -1	-1	-1	-1	-1
175: (0,0,1): 4.0	4.0	4.0	4.0	4.0
176: (0,0,1): 4.0	4.0	4.0	4.0	4.0
177: (0,0,1): 4.0	4.0	4.0	4.0	4.0
178: (0,0,1): 4.0	5.0	4.0	4.0	4.0
179: (0,0,1): 4.0	4.0	3.0	4.0	4.0
180: (0,0,2): 4.0	5.0	4.0	5.0	4.0
181: (0,0,2): -1	-1	-1	-1	-1
182: (0,0,2): 4.0	5.0	4.0	5.0	5.0
183: (0,0,2): 4.0	5.0	4.0	5.0	5.0
184: (0,0,2): 4.0	5.0	4.0	4.0	4.0
185: (0,0,2): 4.0	4.0	4.0	4.0	4.0
186: (0,0,2): 4.0	4.0	4.0	4.0	4.0
187: (0,0,2): 4.0	5.0	4.0	4.0	4.0
188: (0,0,2): 4.0	5.0	4.0	4.0	4.0
189: (0,0,2): 4.0	5.0	4.0	5.0	5.0
190: (0,0,2): 4.0	4.0	4.0	4.0	4.0
191: (0,0,2): 4.0	4.0	4.0	4.0	4.0
192: (0,0,2): 4.0	4.0	4.0	5.0	4.0
193: (0,0,2): 4.0	5.0	4.0	5.0	4.0
194: (0,0,2): 4.0	5.0	4.0	5.0	4.0
195: (0,0,2): 4.0	4.0	4.0	4.0	4.0
196: (0,0,2): 4.0	4.0	4.0	4.0	4.0
197: (0,0,2): -1	-1	-1	-1	-1
198: (0,0,2): 4.0	4.0	4.0	4.0	4.0
199: (0,0,2): 4.0	4.0	4.0	4.0	4.0
200: (0,0,2): 4.0	4.0	4.0	5.0	4.0
201: (0,0,2): 4.0	5.0	4.0	5.0	5.0
202: (0,0,2): -1	-1	-1	-1	-1
203: (0,0,2): -1	-1	-1	-1	-1
204: (0,0,2): 4.0	4.0	4.0	4.0	4.0
205: (0,0,2): 4.0	5.0	4.0	5.0	5.0
206: (0,0,2): -1	-1	-1	-1	-1
207: (0,0,2): 4.0	5.0	4.0	4.0	4.0
208: (0,0,2): 4.0	4.0	3.0	4.0	4.0
209: (0,0,2): 4.0	5.0	4.0	4.0	4.0
210: (0,0,2): -1	-1	-1	-1	-1
211: (0,0,2): 4.0	5.0	4.0	5.0	5.0
212: (0,0,2): 4.0	4.0	4.0	4.0	4.0
213: (0,0,2): 4.0	5.0	4.0	4.0	4.0
214: (0,0,2): 4.0	5.0	4.0	5.0	5.0
215: (0,0,2): 4.0	4.0	4.0	4.0	4.0
216: (0,0,2): 4.0	5.0	4.0	4.0	4.0
217: (0,0,2): 4.0	5.0	4.0	5.0	5.0
218: (0,0,2): 4.0	4.0	4.0	4.0	4.0
219: (0,0,2): 4.0	5.0	4.0	5.0	4.0
220: (0,0,2): 4.0	4.0	4.0	5.0	4.0
221: (0,0,2): 4.0	5.0	4.0	5.0	5.0
222: (0,0,2): 4.0	4.0	4.0	5.0	4.0
223: (0,0,2): 4.0	5.0	4.0	5.0	5.0
224: (0,0,2): 4.0	4.0	4.0	4.0	4.0
225: (0,0,2): 4.0	5.0	4.0	5.0	4.0
226: (0,0,2): 4.0	4.0	3.0	5.0	4.0
227: (0,0,2): 4.0	5.0	4.0	5.0	5.0
228: (0,0,2): 4.0	5.0	4.0	4.0	4.0
229: (0,0,2): 4.0	4.0	4.0	4.0	4.0
230: (0,0,2): 4.0	5.0	4.0	4.0	4.0
231: (0,0,2): 4.0	5.0	4.0	5.0	5.0
232: (0,0,2): 4.0	5.0	4.0	4.0	4.0
233: (0,0,2): 4.0	4.0	4.0	4.0	4.0
234: (0,0,2): 5.0	4.0	4.0	5.0	4.0
235: (0,0,2): 4.0	5.0	4.0	4.0	4.0
236: (0,0,2): 4.0	5.0	4.0	5.0	5.0
237: (0,0,2): 4.0	5.0	4.0	4.0	4.0
238: (0,0,2): 5.0	5.0	4.0	4.0	5.0
239: (0,0,2): 4.0	5.0	4.0	5.0	5.0
240: (0,0,2): 4.0	5.0	4.0	4.0	4.0
241: (0,0,2): 4.0	4.0	4.0	4.0	4.0
242: (0,0,2): 4.0	5.0	4.0	5.0	5.0
243: (0,0,2): 4.0	4.0	4.0	5.0	4.0
244: (0,0,2): 4.0	5.0	5.0	4.0	5.0
245: (0,0,2): 4.0	5.0	4.0	5.0	5.0
246: (0,0,2): 4.0	4.0	4.0	5.0	4.0
247: (0,0,2): 4.0	4.0	4.0	4.0	4.0
248: (0,0,2): 4.0	4.0	4.0	5.0	4.0
249: (0,0,2): 4.0	4.0	3.0	4.0	4.0
250: (0,0,2): 4.0	5.0	4.0	5.0	5.0
251: (0,0,2): -1	-1	-1	-1	-1
252: (0,0,2): 4.0	5.0	4.0	5.0	5.0
253: (0,0,2): 4.0	4.0	4.0	4.0	4.0
254: (0,0,2): 4.0	4.0	3.0	4.0	4.0
255: (0,0,2): 4.0	4.0	4.0	4.0	4.0
256: (0,0,2): 4.0	5.0	4.0	4.0	4.0
257: (0,0,2): -1	-1	-1	-1	-1
258: (0,0,2): 4.0	5.0	4.0	5.0	5.0
259: (0,0,2): 4.0	5.0	4.0	5.0	5.0
260: (0,0,2): 4.0	5.0	4.0	5.0	5.0
261: (0,0,2): 4.0	5.0	4.0	5.0	5.0
262: (0,0,2): 4.0	5.0	4.0	5.0	5.0
263: (0,0,2): -1	-1	-1	-1	-1
264: (0,0,2): 4.0	5.0	4.0	5.0	5.0
265: (0,0,2): 5.0	5.0	4.0	5.0	5.0
266: (0,0,2): 4.0	5.0	4.0	4.0	4.0
267: (0,0,2): -1	-1	-1	-1	-1
268: (0,0,2): 4.0	5.0	4.0	5.0	5.0
269: (0,0,2): 4.0	5.0	4.0	5.0	5.0
270: (0,1,0): 4.0	4.0	5.0	5.0	5.0
271: (0,1,0): 4.0	4.0	4.0	4.0	4.0
272: (0,1,0): 4.0	4.0	4.0	5.0	4.0
273: (0,1,0): 4.0	4.0	4.0	5.0	4.0
274: (0,1,0): 4.0	4.0	4.0	4.0	4.0
275: (0,1,0): 4.0	5.0	4.0	5.0	4.0
276: (0,1,0): 4.0	5.0	4.0	4.0	4.0
277: (0,1,0): 4.0	4.0	4.0	4.0	4.0
278: (0,1,0): 4.0	4.0	4.0	4.0	4.0
279: (0,1,0): 4.0	5.0	4.0	4.0	4.0
280: (0,1,0): 4.0	4.0	4.0	4.0	4.0
281: (0,1,0): 4.0	5.0	4.0	5.0	4.0
282: (0,1,0): 4.0	5.0	4.0	5.0	4.0
283: (0,1,0): 4.0	4.0	4.0	4.0	4.0
284: (0,1,0): 4.0	4.0	3.0	4.0	4.0
285: (0,1,0): 4.0	5.0	4.0	5.0	5.0
286: (0,1,0): 4.0	4.0	3.0	4.0	4.0
287: (0,1,0): 4.0	4.0	4.0	5.0	4.0
288: (0,1,0): 4.0	5.0	4.0	5.0	5.0
289: (0,1,0): 4.0	5.0	4.0	5.0	5.0
290: (0,1,0): 4.0	4.0	4.0	4.0	4.0
291: (0,1,0): 5.0	5.0	4.0	5.0	5.0
292: (0,1,0): 4.0	4.0	4.0	4.0	4.0
293: (0,1,0): 4.0	4.0	4.0	4.0	4.0
294: (0,1,0): 5.0	5.0	4.0	5.0	5.0
295: (0,1,0): 4.0	5.0	4.0	5.0	5.0
296: (0,1,0): 4.0	5.0	3.0	4.0	4.0
297: (0,1,0): 4.0	4.0	4.0	4.0	4.0
298: (0,1,0): 4.0	5.0	4.0	5.0	4.0
299: (0,1,0): 4.0	4.0	4.0	4.0	4.0
300: (0,1,0): 4.0	5.0	4.0	5.0	4.0
301: (0,1,0): -1	-1	-1	-1	-1
302: (0,1,0): 4.0	5.0	4.0	4.0	4.0
303: (0,1,0): 4.0	4.0	4.0	5.0	4.0
304: (0,1,0): 4.0	4.0	4.0	4.0	4.0
305: (0,1,0): 4.0	4.0	4.0	4.0	4.0
306: (0,1,0): 4.0	4.0	4.0	4.0	4.0
307: (0,1,0): 4.0	4.0	4.0	5.0	4.0
308: (0,1,0): 4.0	4.0	4.0	5.0	4.0
309: (0,1,0): 4.0	5.0	4.0	5.0	4.0
310: (0,1,0): 4.0	4.0	4.0	4.0	4.0
311: (0,1,0): 4.0	5.0	4.0	5.0	4.0
312: (0,1,0): 4.0	4.0	4.0	4.0	4.0
313: (0,1,0): 4.0	4.0	4.0	4.0	4.0
314: (0,1,0): 4.0	4.0	4.0	4.0	4.0
315: (0,1,0): 4.0	4.0	4.0	5.0	4.0
316: (0,1,0): 4.0	5.0	4.0	5.0	5.0
317: (0,1,0): 4.0	4.0	4.0	5.0	4.0
318: (0,1,0): -1	-1	-1	-1	-1
319: (0,1,0): 4.0	4.0	5.0	5.0	4.0
320: (0,1,0): 4.0	4.0	4.0	4.0	4.0
321: (0,1,0): 4.0	4.0	3.0	4.0	4.0
322: (0,1,0): 4.0	4.0	4.0	5.0	4.0
323: (0,1,0): 4.0	4.0	3.0	4.0	4.0
324: (0,1,0): 4.0	4.0	4.0	4.0	4.0
325: (0,1,0): 4.0	4.0	4.0	4.0	4.0
326: (0,1,0): 4.0	5.0	4.0	5.0	5.0
327: (0,1,0): 4.0	4.0	4.0	4.0	4.0
328: (0,1,0): 4.0	5.0	4.0	4.0	4.0
329: (0,1,0): 4.0	4.0	4.0	4.0	4.0
330: (0,1,0): 4.0	5.0	4.0	4.0	4.0
331: (0,1,0): 4.0	4.0	4.0	4.0	4.0
332: (0,1,0): 4.0	4.0	5.0	5.0	4.0
333: (0,1,0): 4.0	4.0	3.0	4.0	4.0
334: (0,1,0): 4.0	5.0	4.0	4.0	4.0
335: (0,1,0): -1	-1	-1	-1	-1
336: (0,1,0): 4.0	5.0	4.0	5.0	5.0
337: (0,1,0): 4.0	4.0	4.0	5.0	4.0
338: (0,1,0): 4.0	5.0	4.0	5.0	5.0
339: (0,1,0): -1	-1	-1	-1	-1
340: (0,1,0): 4.0	4.0	4.0	4.0	4.0
341: (0,1,0): 4.0	4.0	4.0	4.0	4.0
342: (0,1,0): 4.0	5.0	4.0	5.0	5.0
343: (0,1,0): 4.0	5.0	3.0	4.0	4.0
344: (0,1,0): 4.0	5.0	5.0	4.0	5.0
345: (0,1,0): 4.0	4.0	4.0	4.0	4.0
346: (0,1,0): 4.0	4.0	5.0	4.0	4.0
347: (0,1,0): 4.0	5.0	4.0	4.0	4.0
348: (0,1,0): 4.0	5.0	4.0	5.0	5.0
349: (0,1,0): 4.0	4.0	4.0	4.0	4.0
350: (0,1,0): 4.0	4.0	3.0	4.0	4.0
351: (0,1,0): 4.0	4.0	5.0	4.0	4.0
352: (0,1,0): 4.0	4.0	4.0	4.0	4.0
353: (0,1,0): 5.0	5.0	4.0	5.0	5.0
354: (0,1,0): 4.0	4.0	4.0	4.0	4.0
355: (0,1,0): 4.0	4.0	3.0	4.0	4.0
356: (0,1,0): 4.0	5.0	4.0	5.0	5.0
357: (0,1,0): 4.0	5.0	4.0	5.0	4.0
358: (0,1,0): -1	-1	-1	-1	-1
359: (0,1,0): 4.0	4.0	5.0	4.0	4.0
360: (0,1,1): 3.0	4.0	4.0	4.0	4.0
361: (0,1,1): -1	-1	-1	-1	-1
362: (0,1,1): 4.0	4.0	4.0	4.0	4.0
363: (0,1,1): 4.0	3.0	4.0	4.0	4.0
364: (0,1,1): 4.0	4.0	4.0	4.0	4.0
365: (0,1,1): 4.0	4.0	4.0	4.0	4.0
366: (0,1,1): 3.0	4.0	4.0	4.0	4.0
367: (0,1,1): 4.0	4.0	4.0	5.0	4.0
368: (0,1,1): 4.0	4.0	4.0	4.0	4.0
369: (0,1,1): -1	-1	-1	-1	-1
370: (0,1,1): 4.0	3.0	4.0	4.0	4.0
371: (0,1,1): 3.0	4.0	4.0	4.0	4.0
372: (0,1,1): -1	-1	-1	-1	-1
373: (0,1,1): 4.0	4.0	4.0	4.0	4.0
374: (0,1,1): 4.0	4.0	3.0	4.0	4.0
375: (0,1,1): 4.0	4.0	4.0	4.0	4.0
376: (0,1,1): -1	-1	-1	-1	-1
377: (0,1,1): 2.0	3.0	3.0	3.0	3.0
378: (0,1,1): 4.0	4.0	4.0	4.0	4.0
379: (0,1,1): 3.0	4.0	4.0	4.0	4.0
380: (0,1,1): -1	-1	-1	-1	-1
381: (0,1,1): 3.0	4.0	4.0	4.0	4.0
382: (0,1,1): -1	-1	-1	-1	-1
383: (0,1,1): 2.0	3.0	3.0	3.0	3.0
384: (0,1,1): 4.0	4.0	5.0	5.0	4.0
385: (0,1,1): 4.0	4.0	4.0	4.0	4.0
386: (0,1,1): 4.0	4.0	4.0	4.0	4.0
387: (0,1,1): -1	-1	-1	-1	-1
388: (0,1,1): 4.0	4.0	4.0	4.0	4.0
389: (0,1,1): 3.0	4.0	4.0	4.0	4.0
390: (0,1,1): 4.0	3.0	4.0	4.0	4.0
391: (0,1,1): 4.0	4.0	4.0	4.0	4.0
392: (0,1,1): -1	-1	-1	-1	-1
393: (0,1,1): 4.0	4.0	4.0	4.0	4.0
394: (0,1,1): -1	-1	-1	-1	-1
395: (0,1,1): 4.0	4.0	4.0	4.0	4.0
396: (0,1,1): -1	-1	-1	-1	-1
397: (0,1,1): 4.0	4.0	4.0	4.0	4.0
398: (0,1,1): -1	-1	-1	-1	-1
399: (0,1,1): 3.0	4.0	4.0	4.0	4.0
400: (0,1,1): 3.0	4.0	4.0	3.0	4.0
401: (0,1,1): 4.0	4.0	4.0	4.0	4.0
402: (0,1,1): -1	-1	-1	-1	-1
403: (0,1,1): -1	-1	-1	-1	-1
404: (0,1,1): 3.0	4.0	4.0	4.0	4.0
405: (0,1,1): 4.0	4.0	4.0	4.0	4.0
406: (0,1,1): 3.0	4.0	4.0	5.0	4.0
407: (0,1,1): 4.0	4.0	4.0	4.0	4.0
408: (0,1,1): 2.0	3.0	4.0	3.0	3.0
409: (0,1,1): -1	-1	-1	-1	-1
410: (0,1,1): 4.0	4.0	4.0	4.0	4.0
411: (0,1,1): 3.0	4.0	4.0	4.0	4.0
412: (0,1,1): 4.0	4.0	4.0	4.0	4.0
413: (0,1,1): 3.0	4.0	4.0	4.0	4.0
414: (0,1,1): 4.0	4.0	4.0	4.0	4.0
415: (0,1,1): 2.0	3.0	3.0	3.0	3.0
416: (0,1,1): 3.0	4.0	4.0	4.0	4.0
417: (0,1,1): 3.0	4.0	4.0	4.0	4.0
418: (0,1,1): 4.0	4.0	4.0	4.0	4.0
419: (0,1,1): 2.0	3.0	3.0	3.0	3.0
420: (0,1,1): 3.0	4.0	4.0	3.0	4.0
421: (0,1,1): 4.0	4.0	4.0	5.0	4.0
422: (0,1,1): 3.0	4.0	4.0	4.0	4.0
423: (0,1,1): 4.0	5.0	4.0	5.0	5.0
424: (0,1,1): 4.0	4.0	4.0	4.0	4.0
425: (0,1,1): 4.0	4.0	3.0	4.0	4.0
426: (0,1,1): -1	-1	-1	-1	-1
427: (0,1,1): 4.0	5.0	4.0	5.0	4.0
428: (0,1,1): 4.0	5.0	4.0	4.0	4.0
429: (0,1,1): 3.0	4.0	4.0	4.0	4.0
430: (0,1,1): 4.0	3.0	4.0	4.0	4.0
431: (0,1,1): 2.0	3.0	3.0	2.0	2.0
432: (0,1,1): 4.0	5.0	4.0	5.0	5.0
433: (0,1,1): 3.0	4.0	4.0	4.0	4.0
434: (0,1,1): 3.0	4.0	4.0	4.0	4.0
435: (0,1,1): 3.0	4.0	4.0	3.0	4.0
436: (0,1,1): 3.0	4.0	4.0	4.0	4.0
437: (0,1,1): 4.0	4.0	4.0	4.0	4.0
438: (0,1,1): 3.0	4.0	4.0	4.0	4.0
439: (0,1,1): 4.0	4.0	4.0	4.0	4.0
440: (0,1,1): 2.0	3.0	4.0	3.0	3.0
441: (0,1,1): 4.0	4.0	3.0	4.0	4.0
442: (0,1,1): 3.0	4.0	4.0	4.0	4.0
443: (0,1,1): 3.0	4.0	4.0	3.0	4.0
444: (0,1,1): 4.0	4.0	4.0	4.0	4.0
445: (0,1,1): 4.0	4.0	3.0	4.0	4.0
446: (0,1,1): -1	-1	-1	-1	-1
447: (0,1,1): 3.0	4.0	4.0	4.0	4.0
448: (0,1,1): 4.0	4.0	4.0	3.0	4.0
449: (0,1,1): 4.0	4.0	4.0	4.0	4.0
450: (0,1,2): 4.0	4.0	4.0	4.0	4.0
451: (0,1,2): 4.0	4.0	4.0	5.0	4.0
452: (0,1,2): -1	-1	-1	-1	-1
453: (0,1,2): 4.0	4.0	4.0	4.0	4.0
454: (0,1,2): 4.0	4.0	4.0	4.0	4.0
455: (0,1,2): 4.0	5.0	4.0	5.0	5.0
456: (0,1,2): 4.0	4.0	4.0	4.0	4.0
457: (0,1,2): 4.0	4.0	4.0	5.0	4.0
458: (0,1,2): -1	-1	-1	-1	-1
459: (0,1,2): 4.0	4.0	4.0	4.0	4.0
460: (0,1,2): 5.0	5.0	5.0	5.0	5.0
461: (0,1,2): 4.0	4.0	4.0	5.0	4.0
462: (0,1,2): 4.0	4.0	4.0	4.0	4.0
463: (0,1,2): 4.0	4.0	4.0	5.0	4.0
464: (0,1,2): 4.0	4.0	4.0	5.0	4.0
465: (0,1,2): 4.0	5.0	4.0	5.0	5.0
466: (0,1,2): 4.0	4.0	4.0	4.0	4.0
467: (0,1,2): -1	-1	-1	-1	-1
468: (0,1,2): 4.0	4.0	4.0	4.0	4.0
469: (0,1,2): 4.0	4.0	4.0	5.0	4.0
470: (0,1,2): 4.0	4.0	4.0	4.0	4.0
471: (0,1,2): 4.0	4.0	4.0	4.0	4.0
472: (0,1,2): 4.0	5.0	4.0	5.0	5.0
473: (0,1,2): -1	-1	-1	-1	-1
474: (0,1,2): 4.0	4.0	3.0	4.0	4.0
475: (0,1,2): 4.0	4.0	4.0	4.0	4.0
476: (0,1,2): 4.0	4.0	4.0	4.0	4.0
477: (0,1,2): 4.0	4.0	4.0	4.0	4.0
478: (0,1,2): 4.0	4.0	4.0	4.0	4.0
479: (0,1,2): 4.0	4.0	4.0	4.0	4.0
480: (0,1,2): 4.0	4.0	4.0	4.0	4.0
481: (0,1,2): 4.0	4.0	4.0	5.0	4.0
482: (0,1,2): 4.0	5.0	4.0	5.0	5.0
483: (0,1,2): 4.0	4.0	4.0	4.0	4.0
484: (0,1,2): 4.0	5.0	4.0	5.0	5.0
485: (0,1,2): 4.0	4.0	4.0	4.0	4.0
486: (0,1,2): 4.0	4.0	4.0	4.0	4.0
487: (0,1,2): 4.0	4.0	4.0	4.0	4.0
488: (0,1,2): -1	-1	-1	-1	-1
489: (0,1,2): 4.0	4.0	4.0	4.0	4.0
490: (0,1,2): 4.0	4.0	4.0	4.0	4.0
491: (0,1,2): 4.0	5.0	4.0	5.0	4.0
492: (0,1,2): -1	-1	-1	-1	-1
493: (0,1,2): 4.0	4.0	4.0	4.0	4.0
494: (0,1,2): 4.0	4.0	4.0	4.0	4.0
495: (0,1,2): 4.0	4.0	4.0	5.0	4.0
496: (0,1,2): 4.0	4.0	4.0	4.0	4.0
497: (0,1,2): 4.0	5.0	4.0	5.0	5.0
498: (0,1,2): 4.0	4.0	4.0	4.0	4.0
499: (0,1,2): -1	-1	-1	-1	-1
500: (0,1,2): 4.0	4.0	4.0	5.0	4.0
501: (0,1,2): 4.0	4.0	4.0	5.0	4.0
502: (0,1,2): 4.0	4.0	4.0	4.0	4.0
503: (0,1,2): 5.0	4.0	4.0	5.0	4.0
504: (0,1,2): 4.0	4.0	4.0	4.0	4.0
505: (0,1,2): 4.0	4.0	4.0	4.0	4.0
506: (0,1,2): 4.0	4.0	4.0	5.0	4.0
507: (0,1,2): 4.0	4.0	4.0	4.0	4.0
508: (0,1,2): 5.0	5.0	4.0	5.0	5.0
509: (0,1,2): 4.0	5.0	5.0	5.0	5.0
510: (0,1,2): 4.0	4.0	4.0	5.0	4.0
511: (0,1,2): 4.0	4.0	4.0	4.0	4.0
512: (0,1,2): 4.0	4.0	4.0	4.0	4.0
513: (0,1,2): 5.0	5.0	4.0	5.0	5.0
514: (0,1,2): -1	-1	-1	-1	-1
515: (0,1,2): 4.0	4.0	4.0	4.0	4.0
516: (0,1,2): 4.0	5.0	4.0	4.0	4.0
517: (0,1,2): 4.0	4.0	4.0	4.0	4.0
518: (0,1,2): 4.0	4.0	4.0	4.0	4.0
519: (0,1,2): -1	-1	-1	-1	-1
520: (0,1,2): 4.0	4.0	4.0	4.0	4.0
521: (0,1,2): 4.0	4.0	4.0	5.0	4.0
522: (0,1,2): 5.0	5.0	4.0	5.0	5.0
523: (0,1,2): 4.0	5.0	4.0	5.0	5.0
524: (0,1,2): 4.0	4.0	4.0	5.0	4.0
525: (0,1,2): 4.0	4.0	4.0	4.0	4.0
526: (0,1,2): 4.0	4.0	4.0	4.0	4.0
527: (0,1,2): 4.0	4.0	4.0	5.0	4.0
528: (0,1,2): 4.0	5.0	4.0	5.0	5.0
529: (0,1,2): 4.0	5.0	4.0	5.0	4.0
530: (0,1,2): 4.0	4.0	4.0	4.0	4.0
531: (0,1,2): 4.0	5.0	4.0	4.0	4.0
532: (0,1,2): 4.0	4.0	4.0	4.0	4.0
533: (0,1,2): 4.0	4.0	4.0	4.0	4.0
534: (0,1,2): 4.0	4.0	4.0	5.0	4.0
535: (0,1,2): 5.0	4.0	4.0	5.0	4.0
536: (0,1,2): 4.0	4.0	4.0	4.0	4.0
537: (0,1,2): 4.0	4.0	4.0	4.0	4.0
538: (0,1,2): 4.0	4.0	3.0	4.0	4.0
539: (0,1,2): 4.0	4.0	4.0	4.0	4.0
540: (1,0,0): 4.0	4.0	5.0	5.0	4.0
541: (1,0,0): 4.0	5.0	4.0	5.0	5.0
542: (1,0,0): 5.0	4.0	4.0	5.0	4.0
543: (1,0,0): -1	-1	-1	-1	-1
544: (1,0,0): 5.0	5.0	4.0	5.0	5.0
545: (1,0,0): 4.0	4.0	4.0	4.0	4.0
546: (1,0,0): 4.0	5.0	5.0	5.0	5.0
547: (1,0,0): 5.0	5.0	4.0	5.0	5.0
548: (1,0,0): 4.0	5.0	4.0	4.0	4.0
549: (1,0,0): 5.0	5.0	4.0	5.0	5.0
550: (1,0,0): -1	-1	-1	-1	-1
551: (1,0,0): 4.0	5.0	4.0	5.0	4.0
552: (1,0,0): 5.0	5.0	5.0	5.0	5.0
553: (1,0,0): 5.0	5.0	4.0	5.0	5.0
554: (1,0,0): -1	-1	-1	-1	-1
555: (1,0,0): -1	-1	-1	-1	-1
556: (1,0,0): 4.0	4.0	4.0	5.0	4.0
557: (1,0,0): 5.0	5.0	5.0	5.0	5.0
558: (1,0,0): 4.0	5.0	5.0	5.0	5.0
559: (1,0,0): 4.0	5.0	4.0	5.0	5.0
560: (1,0,0): 4.0	4.0	4.0	4.0	4.0
561: (1,0,0): 4.0	5.0	4.0	4.0	4.0
562: (1,0,0): -1	-1	-1	-1	-1
563: (1,0,0): 4.0	5.0	5.0	5.0	5.0
564: (1,0,0): 5.0	5.0	5.0	5.0	5.0
565: (1,0,0): 4.0	5.0	4.0	5.0	5.0
566: (1,0,0): 4.0	5.0	5.0	5.0	5.0
567: (1,0,0): 5.0	5.0	4.0	5.0	5.0
568: (1,0,0): 5.0	5.0	5.0	5.0	5.0
569: (1,0,0): -1	-1	-1	-1	-1
570: (1,0,0): 4.0	5.0	5.0	5.0	5.0
571: (1,0,0): 4.0	4.0	4.0	5.0	4.0
572: (1,0,0): 4.0	5.0	5.0	5.0	5.0
573: (1,0,0): 5.0	5.0	4.0	5.0	5.0
574: (1,0,0): 4.0	5.0	5.0	5.0	5.0
575: (1,0,0): 5.0	5.0	5.0	5.0	5.0
576: (1,0,0): 5.0	5.0	5.0	5.0	5.0
577: (1,0,0): 5.0	5.0	5.0	5.0	5.0
578: (1,0,0): 4.0	5.0	5.0	5.0	5.0
579: (1,0,0): 4.0	4.0	4.0	4.0	4.0
580: (1,0,0): 4.0	5.0	5.0	5.0	5.0
581: (1,0,0): 5.0	5.0	4.0	5.0	5.0
582: (1,0,0): 5.0	5.0	4.0	5.0	5.0
583: (1,0,0): 5.0	5.0	4.0	4.0	5.0
584: (1,0,0): 4.0	5.0	5.0	5.0	5.0
585: (1,0,0): -1	-1	-1	-1	-1
586: (1,0,0): 4.0	5.0	4.0	4.0	4.0
587: (1,0,0): 4.0	4.0	4.0	4.0	4.0
588: (1,0,0): -1	-1	-1	-1	-1
589: (1,0,0): 4.0	4.0	4.0	4.0	4.0
590: (1,0,0): 4.0	4.0	5.0	5.0	5.0
591: (1,0,0): 4.0	5.0	4.0	5.0	4.0
592: (1,0,0): 4.0	5.0	4.0	4.0	4.0
593: (1,0,0): 5.0	5.0	5.0	5.0	5.0
594: (1,0,0): 4.0	4.0	4.0	4.0	4.0
595: (1,0,0): 4.0	4.0	5.0	4.0	4.0
596: (1,0,0): 5.0	5.0	5.0	5.0	5.0
597: (1,0,0): 4.0	5.0	4.0	4.0	4.0
598: (1,0,0): 4.0	5.0	4.0	5.0	4.0
599: (1,0,0): 4.0	5.0	4.0	5.0	5.0
600: (1,0,0): 4.0	4.0	4.0	5.0	4.0
601: (1,0,0): -1	-1	-1	-1	-1
602: (1,0,0): 5.0	5.0	4.0	5.0	5.0
603: (1,0,0): 4.0	4.0	4.0	5.0	4.0
604: (1,0,0): 4.0	5.0	5.0	5.0	5.0
605: (1,0,0): 5.0	5.0	4.0	5.0	5.0
606: (1,0,0): 5.0	5.0	5.0	5.0	5.0
607: (1,0,0): 5.0	5.0	5.0	5.0	5.0
608: (1,0,0): 5.0	5.0	4.0	5.0	5.0
609: (1,0,0): 5.0	5.0	5.0	5.0	5.0
610: (1,0,0): 4.0	5.0	4.0	5.0	5.0
611: (1,0,0): 4.0	5.0	4.0	5.0	4.0
612: (1,0,0): 4.0	4.0	5.0	5.0	4.0
613: (1,0,0): 4.0	4.0	4.0	5.0	4.0
614: (1,0,0): -1	-1	-1	-1	-1
615: (1,0,0): 4.0	5.0	4.0	5.0	5.0
616: (1,0,0): 4.0	4.0	4.0	4.0	4.0
617: (1,0,0): 4.0	5.0	5.0	5.0	5.0
618: (1,0,0): -1	-1	-1	-1	-1
619: (1,0,0): 4.0	5.0	5.0	5.0	5.0
620: (1,0,0): -1	-1	-1	-1	-1
621: (1,0,0): 4.0	5.0	5.0	5.0	5.0
622: (1,0,0): 5.0	5.0	4.0	5.0	5.0
623: (1,0,0): 5.0	5.0	4.0	5.0	5.0
624: (1,0,0): 5.0	5.0	5.0	5.0	5.0
625: (1,0,0): 4.0	5.0	4.0	5.0	5.0
626: (1,0,0): -1	-1	-1	-1	-1
627: (1,0,0): 5.0	5.0	5.0	5.0	5.0
628: (1,0,0): 4.0	5.0	4.0	4.0	4.0
629: (1,0,0): 4.0	5.0	4.0	5.0	5.0
630: (1,0,1): 4.0	5.0	5.0	5.0	5.0
631: (1,0,1): 4.0	4.0	4.0	4.0	4.0
632: (1,0,1): 4.0	5.0	4.0	4.0	4.0
633: (1,0,1): 4.0	5.0	4.0	5.0	5.0
634: (1,0,1): 4.0	4.0	4.0	4.0	4.0
635: (1,0,1): 4.0	4.0	3.0	4.0	4.0
636: (1,0,1): -1	-1	-1	-1	-1
637: (1,0,1): 4.0	4.0	3.0	4.0	4.0
638: (1,0,1): 4.0	4.0	4.0	4.0	4.0
639: (1,0,1): 4.0	4.0	5.0	5.0	5.0
640: (1,0,1): 4.0	4.0	4.0	4.0	4.0
641: (1,0,1): 4.0	4.0	4.0	4.0	4.0
642: (1,0,1): 4.0	5.0	4.0	4.0	4.0
643: (1,0,1): 4.0	4.0	5.0	5.0	4.0
644: (1,0,1): -1	-1	-1	-1	-1
645: (1,0,1): 4.0	4.0	4.0	4.0	4.0
646: (1,0,1): 4.0	4.0	4.0	4.0	4.0
647: (1,0,1): 4.0	4.0	4.0	4.0	4.0
648: (1,0,1): 4.0	5.0	4.0	4.0	4.0
649: (1,0,1): 3.0	4.0	4.0	4.0	4.0
650: (1,0,1): 4.0	5.0	4.0	4.0	4.0
651: (1,0,1): 4.0	4.0	4.0	4.0	4.0
652: (1,0,1): 4.0	5.0	4.0	5.0	5.0
653: (1,0,1): 4.0	4.0	4.0	4.0	4.0
654: (1,0,1): 4.0	4.0	4.0	4.0	4.0
655: (1,0,1): 4.0	4.0	4.0	5.0	4.0
656: (1,0,1): 3.0	4.0	4.0	4.0	4.0
657: (1,0,1): 4.0	5.0	4.0	5.0	5.0
658: (1,0,1): 4.0	4.0	4.0	4.0	4.0
659: (1,0,1): 4.0	4.0	4.0	5.0	4.0
660: (1,0,1): 4.0	4.0	4.0	4.0	4.0
661: (1,0,1): 4.0	4.0	4.0	4.0	4.0
662: (1,0,1): 4.0	4.0	4.0	4.0	4.0
663: (1,0,1): 4.0	5.0	4.0	5.0	4.0
664: (1,0,1): 4.0	4.0	4.0	5.0	4.0
665: (1,0,1): -1	-1	-1	-1	-1
666: (1,0,1): 4.0	4.0	4.0	4.0	4.0
667: (1,0,1): 4.0	5.0	4.0	5.0	4.0
668: (1,0,1): 4.0	4.0	4.0	5.0	4.0
669: (1,0,1): 4.0	4.0	3.0	4.0	4.0
670: (1,0,1): 4.0	4.0	3.0	4.0	4.0
671: (1,0,1): 3.0	4.0	4.0	4.0	4.0
672: (1,0,1): 4.0	4.0	4.0	4.0	4.0
673: (1,0,1): 4.0	4.0	4.0	4.0	4.0
674: (1,0,1): 4.0	4.0	3.0	4.0	4.0
675: (1,0,1): 4.0	4.0	4.0	4.0	4.0
676: (1,0,1): -1	-1	-1	-1	-1
677: (1,0,1): -1	-1	-1	-1	-1
678: (1,0,1): 4.0	4.0	4.0	4.0	4.0
679: (1,0,1): 4.0	4.0	4.0	4.0	4.0
680: (1,0,1): 4.0	4.0	4.0	4.0	4.0
681: (1,0,1): 4.0	4.0	4.0	4.0	4.0
682: (1,0,1): 4.0	5.0	4.0	4.0	4.0
683: (1,0,1): 4.0	5.0	4.0	5.0	4.0
684: (1,0,1): 3.0	4.0	4.0	4.0	4.0
685: (1,0,1): 4.0	4.0	4.0	4.0	4.0
686: (1,0,1): 3.0	4.0	4.0	5.0	4.0
687: (1,0,1): 3.0	4.0	3.0	4.0	4.0
688: (1,0,1): 4.0	4.0	3.0	4.0	4.0
689: (1,0,1): 4.0	4.0	5.0	5.0	5.0
690: (1,0,1): 4.0	4.0	3.0	4.0	4.0
691: (1,0,1): 4.0	4.0	4.0	4.0	4.0
692: (1,0,1): 4.0	4.0	4.0	5.0	4.0
693: (1,0,1): 4.0	4.0	5.0	5.0	5.0
694: (1,0,1): 4.0	4.0	4.0	4.0	4.0
695: (1,0,1): 4.0	4.0	4.0	5.0	4.0
696: (1,0,1): 4.0	4.0	4.0	4.0	4.0
697: (1,0,1): 4.0	4.0	4.0	4.0	4.0
698: (1,0,1): 4.0	4.0	4.0	4.0	4.0
699: (1,0,1): 4.0	4.0	4.0	4.0	4.0
700: (1,0,1): 4.0	4.0	4.0	5.0	4.0
701: (1,0,1): 4.0	5.0	4.0	4.0	4.0
702: (1,0,1): 4.0	4.0	4.0	4.0	4.0
703: (1,0,1): 4.0	4.0	3.0	4.0	4.0
704: (1,0,1): -1	-1	-1	-1	-1
705: (1,0,1): 4.0	5.0	4.0	4.0	4.0
706: (1,0,1): 4.0	4.0	3.0	4.0	4.0
707: (1,0,1): 4.0	4.0	5.0	5.0	5.0
708: (1,0,1): 4.0	5.0	4.0	4.0	4.0
709: (1,0,1): 4.0	4.0	3.0	4.0	4.0
710: (1,0,1): -1	-1	-1	-1	-1
711: (1,0,1): 4.0	4.0	4.0	4.0	4.0
712: (1,0,1): 4.0	4.0	4.0	5.0	4.0
713: (1,0,1): 4.0	4.0	4.0	4.0	4.0
714: (1,0,1): 4.0	5.0	4.0	5.0	5.0
715: (1,0,1): 4.0	5.0	4.0	4.0	4.0
716: (1,0,1): 4.0	4.0	4.0	5.0	4.0
717: (1,0,1): 4.0	4.0	4.0	4.0	4.0
718: (1,0,1): -1	-1	-1	-1	-1
719: (1,0,1): 4.0	4.0	5.0	5.0	5.0
720: (1,0,2): 4.0	5.0	4.0	5.0	5.0
721: (1,0,2): 4.0	4.0	4.0	4.0	4.0
722: (1,0,2): -1	-1	-1	-1	-1
723: (1,0,2): 4.0	5.0	4.0	5.0	4.0
724: (1,0,2): -1	-1	-1	-1	-1
725: (1,0,2): -1	-1	-1	-1	-1
726: (1,0,2): -1	-1	-1	-1	-1
727: (1,0,2): 4.0	5.0	4.0	5.0	5.0
728: (1,0,2): 4.0	5.0	4.0	5.0	5.0
729: (1,0,2): -1	-1	-1	-1	-1
730: (1,0,2): 4.0	5.0	4.0	5.0	4.0
731: (1,0,2): 4.0	5.0	4.0	5.0	5.0
732: (1,0,2): 4.0	4.0	4.0	5.0	4.0
733: (1,0,2): -1	-1	-1	-1	-1
734: (1,0,2): -1	-1	-1	-1	-1
735: (1,0,2): 4.0	4.0	4.0	4.0	4.0
736: (1,0,2): -1	-1	-1	-1	-1
737: (1,0,2): -1	-1	-1	-1	-1
738: (1,0,2): 4.0	4.0	4.0	5.0	4.0
739: (1,0,2): 4.0	4.0	4.0	5.0	4.0
740: (1,0,2): 4.0	4.0	4.0	4.0	4.0
741: (1,0,2): 4.0	5.0	4.0	4.0	4.0
742: (1,0,2): 4.0	5.0	4.0	5.0	5.0
743: (1,0,2): 4.0	5.0	4.0	5.0	5.0
744: (1,0,2): 4.0	5.0	4.0	4.0	4.0
745: (1,0,2): 4.0	5.0	4.0	5.0	5.0
746: (1,0,2): -1	-1	-1	-1	-1
747: (1,0,2): -1	-1	-1	-1	-1
748: (1,0,2): 4.0	5.0	4.0	5.0	5.0
749: (1,0,2): 4.0	5.0	4.0	5.0	5.0
750: (1,0,2): -1	-1	-1	-1	-1
751: (1,0,2): 4.0	5.0	4.0	5.0	5.0
752: (1,0,2): 4.0	5.0	4.0	4.0	4.0
753: (1,0,2): 4.0	5.0	4.0	5.0	5.0
754: (1,0,2): 4.0	4.0	4.0	4.0	4.0
755: (1,0,2): 4.0	4.0	4.0	4.0	4.0
756: (1,0,2): 4.0	4.0	4.0	5.0	4.0
757: (1,0,2): 4.0	5.0	4.0	4.0	4.0
758: (1,0,2): 4.0	4.0	4.0	4.0	4.0
759: (1,0,2): 5.0	5.0	4.0	5.0	5.0
760: (1,0,2): 4.0	5.0	5.0	5.0	5.0
761: (1,0,2): 4.0	5.0	4.0	4.0	4.0
762: (1,0,2): 5.0	5.0	5.0	5.0	5.0
763: (1,0,2): 4.0	4.0	4.0	4.0	4.0
764: (1,0,2): 5.0	4.0	4.0	5.0	4.0
765: (1,0,2): 4.0	5.0	4.0	5.0	5.0
766: (1,0,2): 4.0	5.0	4.0	5.0	5.0
767: (1,0,2): 4.0	4.0	4.0	5.0	4.0
768: (1,0,2): 4.0	5.0	4.0	5.0	5.0
769: (1,0,2): 4.0	4.0	4.0	4.0	4.0
770: (1,0,2): 4.0	5.0	4.0	5.0	5.0
771: (1,0,2): 4.0	4.0	4.0	4.0	4.0
772: (1,0,2): 4.0	5.0	4.0	4.0	4.0
773: (1,0,2): 4.0	5.0	4.0	5.0	5.0
774: (1,0,2): 4.0	5.0	4.0	4.0	4.0
775: (1,0,2): 4.0	5.0	4.0	5.0	5.0
776: (1,0,2): 4.0	4.0	3.0	4.0	4.0
777: (1,0,2): 4.0	5.0	4.0	5.0	5.0
778: (1,0,2): 4.0	5.0	4.0	4.0	4.0
779: (1,0,2): 4.0	5.0	4.0	5.0	5.0
780: (1,0,2): 4.0	5.0	4.0	4.0	4.0
781: (1,0,2): 4.0	5.0	4.0	5.0	5.0
782: (1,0,2): 4.0	4.0	4.0	5.0	4.0
783: (1,0,2): -1	-1	-1	-1	-1
784: (1,0,2): 4.0	5.0	4.0	4.0	4.0
785: (1,0,2): 4.0	5.0	4.0	4.0	4.0
786: (1,0,2): 4.0	5.0	4.0	4.0	4.0
787: (1,0,2): 4.0	5.0	4.0	5.0	4.0
788: (1,0,2): 4.0	5.0	4.0	5.0	4.0
789: (1,0,2): 4.0	4.0	4.0	5.0	4.0
790: (1,0,2): 4.0	5.0	4.0	5.0	4.0
791: (1,0,2): 4.0	4.0	4.0	4.0	4.0
792: (1,0,2): -1	-1	-1	-1	-1
793: (1,0,2): 4.0	4.0	4.0	4.0	4.0
794: (1,0,2): 4.0	4.0	4.0	5.0	4.0
795: (1,0,2): 4.0	5.0	4.0	4.0	4.0
796: (1,0,2): -1	-1	-1	-1	-1
797: (1,0,2): 4.0	5.0	4.0	5.0	5.0
798: (1,0,2): 4.0	5.0	4.0	5.0	5.0
799: (1,0,2): 4.0	4.0	4.0	4.0	4.0
800: (1,0,2): 4.0	5.0	4.0	5.0	5.0
801: (1,0,2): 4.0	5.0	4.0	4.0	4.0
802: (1,0,2): 4.0	5.0	4.0	4.0	4.0
803: (1,0,2): 4.0	4.0	4.0	4.0	4.0
804: (1,0,2): 4.0	5.0	4.0	5.0	5.0
805: (1,0,2): 4.0	5.0	4.0	5.0	4.0
806: (1,0,2): 4.0	5.0	4.0	4.0	4.0
807: (1,0,2): 4.0	5.0	4.0	5.0	5.0
808: (1,0,2): 4.0	4.0	4.0	4.0	4.0
809: (1,0,2): -1	-1	-1	-1	-1
810: (1,0,2): 4.0	5.0	4.0	5.0	5.0
811: (1,0,2): 4.0	5.0	4.0	5.0	5.0
812: (1,0,2): 4.0	5.0	4.0	5.0	5.0
813: (1,0,2): 4.0	4.0	4.0	5.0	4.0
814: (1,0,2): 5.0	5.0	4.0	5.0	5.0
815: (1,0,2): 4.0	5.0	4.0	4.0	4.0
816: (1,0,2): 4.0	4.0	4.0	5.0	4.0
817: (1,0,2): 4.0	5.0	4.0	4.0	4.0
818: (1,0,2): 4.0	5.0	4.0	5.0	5.0
819: (1,0,2): 4.0	4.0	4.0	5.0	4.0
820: (1,1,0): 4.0	4.0	5.0	5.0	5.0
821: (1,1,0): 4.0	4.0	5.0	4.0	4.0
822: (1,1,0): 5.0	4.0	4.0	4.0	4.0
823: (1,1,0): -1	-1	-1	-1	-1
824: (1,1,0): 5.0	5.0	4.0	5.0	5.0
825: (1,1,0): 4.0	4.0	5.0	4.0	4.0
826: (1,1,0): 4.0	4.0	4.0	4.0	4.0
827: (1,1,0): 4.0	5.0	5.0	5.0	5.0
828: (1,1,0): 4.0	4.0	5.0	5.0	4.0
829: (1,1,0): 4.0	4.0	4.0	4.0	4.0
830: (1,1,0): -1	-1	-1	-1	-1
831: (1,1,0): 4.0	5.0	5.0	5.0	5.0
832: (1,1,0): 4.0	4.0	4.0	4.0	4.0
833: (1,1,0): 4.0	4.0	4.0	4.0	4.0
834: (1,1,0): 5.0	4.0	5.0	4.0	5.0
835: (1,1,0): 5.0	5.0	4.0	5.0	5.0
836: (1,1,0): 4.0	5.0	4.0	5.0	5.0
837: (1,1,0): 4.0	5.0	4.0	4.0	4.0
838: (1,1,0): 5.0	5.0	4.0	5.0	5.0
839: (1,1,0): 5.0	5.0	4.0	4.0	5.0
840: (1,1,0): 4.0	5.0	4.0	5.0	5.0
841: (1,1,0): 4.0	4.0	4.0	5.0	4.0
842: (1,1,0): 4.0	4.0	4.0	5.0	4.0
843: (1,1,0): 4.0	5.0	4.0	5.0	5.0
844: (1,1,0): 4.0	5.0	4.0	5.0	4.0
845: (1,1,0): 4.0	4.0	4.0	4.0	4.0
846: (1,1,0): 4.0	4.0	4.0	4.0	4.0
847: (1,1,0): 4.0	4.0	4.0	4.0	4.0
848: (1,1,0): 4.0	4.0	4.0	4.0	4.0
849: (1,1,0): 4.0	4.0	4.0	5.0	4.0
850: (1,1,0): 4.0	4.0	5.0	5.0	5.0
851: (1,1,0): 4.0	4.0	5.0	5.0	4.0
852: (1,1,0): 4.0	4.0	5.0	5.0	4.0
853: (1,1,0): -1	-1	-1	-1	-1
854: (1,1,0): 4.0	4.0	4.0	3.0	4.0
855: (1,1,0): 4.0	5.0	5.0	5.0	5.0
856: (1,1,0): 5.0	5.0	5.0	5.0	5.0
857: (1,1,0): -1	-1	-1	-1	-1
858: (1,1,0): -1	-1	-1	-1	-1
859: (1,1,0): -1	-1	-1	-1	-1
860: (1,1,0): 4.0	4.0	4.0	4.0	4.0
861: (1,1,0): -1	-1	-1	-1	-1
862: (1,1,0): 4.0	4.0	4.0	4.0	4.0
863: (1,1,0): 4.0	5.0	4.0	5.0	5.0
864: (1,1,0): 4.0	5.0	4.0	5.0	4.0
865: (1,1,0): 4.0	5.0	4.0	4.0	4.0
866: (1,1,0): 4.0	5.0	5.0	5.0	5.0
867: (1,1,0): 4.0	4.0	4.0	4.0	4.0
868: (1,1,0): 4.0	4.0	4.0	4.0	4.0
869: (1,1,0): 4.0	5.0	4.0	5.0	5.0
870: (1,1,0): 5.0	5.0	5.0	5.0	5.0
871: (1,1,0): 4.0	4.0	5.0	4.0	4.0
872: (1,1,0): 5.0	5.0	5.0	5.0	5.0
873: (1,1,0): 4.0	5.0	5.0	4.0	5.0
874: (1,1,0): 4.0	5.0	4.0	4.0	4.0
875: (1,1,0): 4.0	4.0	4.0	5.0	4.0
876: (1,1,0): 4.0	4.0	4.0	5.0	4.0
877: (1,1,0): 4.0	4.0	4.0	4.0	4.0
878: (1,1,0): 4.0	5.0	4.0	4.0	4.0
879: (1,1,0): -1	-1	-1	-1	-1
880: (1,1,0): 4.0	5.0	4.0	5.0	4.0
881: (1,1,0): 5.0	5.0	5.0	5.0	5.0
882: (1,1,0): 4.0	5.0	4.0	5.0	5.0
883: (1,1,0): 4.0	5.0	4.0	4.0	4.0
884: (1,1,0): 4.0	5.0	4.0	5.0	5.0
885: (1,1,0): 4.0	4.0	4.0	5.0	4.0
886: (1,1,0): -1	-1	-1	-1	-1
887: (1,1,0): 4.0	5.0	4.0	5.0	4.0
888: (1,1,0): 5.0	5.0	4.0	5.0	5.0
889: (1,1,0): 4.0	4.0	4.0	3.0	4.0
890: (1,1,0): 4.0	5.0	4.0	4.0	4.0
891: (1,1,0): 4.0	4.0	4.0	4.0	4.0
892: (1,1,0): 5.0	5.0	5.0	5.0	5.0
893: (1,1,0): 4.0	4.0	4.0	5.0	4.0
894: (1,1,0): 4.0	4.0	5.0	5.0	4.0
895: (1,1,0): 5.0	4.0	4.0	4.0	4.0
896: (1,1,0): 4.0	4.0	4.0	4.0	4.0
897: (1,1,0): 4.0	5.0	4.0	4.0	4.0
898: (1,1,0): 4.0	5.0	4.0	4.0	4.0
899: (1,1,0): 4.0	5.0	5.0	5.0	5.0
900: (1,1,0): -1	-1	-1	-1	-1
901: (1,1,0): 4.0	5.0	5.0	4.0	5.0
902: (1,1,0): 5.0	5.0	5.0	5.0	5.0
903: (1,1,0): 4.0	5.0	4.0	4.0	4.0
904: (1,1,0): 5.0	5.0	4.0	5.0	5.0
905: (1,1,0): 4.0	5.0	4.0	5.0	5.0
906: (1,1,0): 5.0	5.0	4.0	4.0	5.0
907: (1,1,0): 4.0	5.0	5.0	5.0	5.0
908: (1,1,0): 4.0	5.0	4.0	5.0	4.0
909: (1,1,0): 4.0	5.0	4.0	4.0	4.0
910: (1,1,1): 3.0	4.0	4.0	3.0	4.0
911: (1,1,1): 4.0	4.0	4.0	4.0	4.0
912: (1,1,1): 4.0	5.0	4.0	4.0	4.0
913: (1,1,1): -1	-1	-1	-1	-1
914: (1,1,1): 4.0	4.0	4.0	4.0	4.0
915: (1,1,1): 4.0	4.0	4.0	4.0	4.0
916: (1,1,1): 4.0	4.0	4.0	4.0	4.0
917: (1,1,1): 4.0	4.0	4.0	4.0	4.0
918: (1,1,1): 3.0	4.0	4.0	4.0	4.0
919: (1,1,1): 2.0	3.0	4.0	3.0	3.0
920: (1,1,1): 4.0	4.0	4.0	4.0	4.0
921: (1,1,1): 4.0	4.0	4.0	4.0	4.0
922: (1,1,1): 4.0	4.0	4.0	5.0	4.0
923: (1,1,1): -1	-1	-1	-1	-1
924: (1,1,1): 4.0	4.0	5.0	5.0	5.0
925: (1,1,1): 4.0	4.0	4.0	4.0	4.0
926: (1,1,1): 4.0	4.0	5.0	5.0	5.0
927: (1,1,1): 4.0	4.0	4.0	4.0	4.0
928: (1,1,1): 4.0	4.0	5.0	5.0	4.0
929: (1,1,1): 4.0	4.0	4.0	4.0	4.0
930: (1,1,1): 4.0	4.0	3.0	4.0	4.0
931: (1,1,1): 2.0	3.0	3.0	3.0	3.0
932: (1,1,1): 4.0	4.0	4.0	5.0	4.0
933: (1,1,1): -1	-1	-1	-1	-1
934: (1,1,1): 4.0	4.0	4.0	4.0	4.0
935: (1,1,1): 4.0	4.0	4.0	4.0	4.0
936: (1,1,1): 4.0	4.0	4.0	4.0	4.0
937: (1,1,1): 4.0	5.0	5.0	4.0	5.0
938: (1,1,1): 4.0	4.0	4.0	4.0	4.0
939: (1,1,1): -1	-1	-1	-1	-1
940: (1,1,1): 4.0	5.0	4.0	5.0	5.0
941: (1,1,1): 3.0	4.0	4.0	3.0	4.0
942: (1,1,1): 4.0	4.0	4.0	4.0	4.0
943: (1,1,1): 4.0	4.0	4.0	4.0	4.0
944: (1,1,1): 4.0	4.0	4.0	4.0	4.0
945: (1,1,1): -1	-1	-1	-1	-1
946: (1,1,1): 4.0	4.0	4.0	4.0	4.0
947: (1,1,1): -1	-1	-1	-1	-1
948: (1,1,1): 4.0	4.0	3.0	4.0	4.0
949: (1,1,1): 4.0	4.0	4.0	4.0	4.0
950: (1,1,1): 4.0	4.0	4.0	4.0	4.0
951: (1,1,1): 4.0	4.0	5.0	5.0	5.0
952: (1,1,1): 4.0	4.0	4.0	4.0	4.0
953: (1,1,1): 4.0	4.0	4.0	4.0	4.0
954: (1,1,1): 4.0	4.0	4.0	4.0	4.0
955: (1,1,1): 4.0	4.0	4.0	4.0	4.0
956: (1,1,1): 4.0	5.0	4.0	4.0	4.0
957: (1,1,1): 4.0	4.0	3.0	4.0	4.0
958: (1,1,1): 3.0	4.0	4.0	4.0	4.0
959: (1,1,1): 3.0	4.0	3.0	4.0	4.0
960: (1,1,1): 3.0	4.0	4.0	4.0	4.0
961: (1,1,1): 4.0	5.0	4.0	5.0	4.0
962: (1,1,1): 4.0	4.0	4.0	4.0	4.0
963: (1,1,1): 4.0	4.0	4.0	4.0	4.0
964: (1,1,1): 4.0	5.0	4.0	4.0	4.0
965: (1,1,1): 4.0	4.0	5.0	4.0	4.0
966: (1,1,1): 3.0	3.0	3.0	3.0	3.0
967: (1,1,1): 4.0	5.0	5.0	5.0	5.0
968: (1,1,1): 4.0	4.0	4.0	4.0	4.0
969: (1,1,1): 4.0	4.0	4.0	4.0	4.0
970: (1,1,1): 4.0	4.0	5.0	4.0	4.0
971: (1,1,1): 3.0	3.0	4.0	4.0	4.0
972: (1,1,1): -1	-1	-1	-1	-1
973: (1,1,1): 4.0	4.0	4.0	3.0	4.0
974: (1,1,1): 4.0	4.0	4.0	5.0	4.0
975: (1,1,1): 4.0	4.0	5.0	5.0	5.0
976: (1,1,1): 4.0	3.0	4.0	3.0	4.0
977: (1,1,1): 4.0	4.0	4.0	4.0	4.0
978: (1,1,1): 4.0	5.0	4.0	5.0	4.0
979: (1,1,1): 3.0	4.0	4.0	4.0	4.0
980: (1,1,1): 4.0	4.0	4.0	5.0	4.0
981: (1,1,1): 3.0	4.0	4.0	4.0	4.0
982: (1,1,1): 3.0	4.0	4.0	4.0	4.0
983: (1,1,1): 4.0	4.0	4.0	4.0	4.0
984: (1,1,1): 4.0	4.0	4.0	4.0	4.0
985: (1,1,1): 3.0	4.0	4.0	4.0	4.0
986: (1,1,1): -1	-1	-1	-1	-1
987: (1,1,1): 4.0	4.0	4.0	4.0	4.0
988: (1,1,1): 4.0	4.0	4.0	4.0	4.0
989: (1,1,1): 4.0	4.0	4.0	5.0	4.0
990: (1,1,1): 4.0	4.0	4.0	4.0	4.0
991: (1,1,1): 3.0	4.0	4.0	4.0	4.0
992: (1,1,1): 4.0	4.0	4.0	5.0	4.0
993: (1,1,1): 3.0	2.0	3.0	3.0	3.0
994: (1,1,1): 4.0	4.0	4.0	4.0	4.0
995: (1,1,1): 4.0	4.0	3.0	4.0	4.0
996: (1,1,1): 4.0	4.0	4.0	4.0	4.0
997: (1,1,1): 4.0	4.0	4.0	5.0	4.0
998: (1,1,1): 4.0	4.0	4.0	4.0	4.0
999: (1,1,1): 4.0	4.0	4.0	4.0	4.0
1000: (1,1,2): 4.0	5.0	4.0	5.0	5.0
1001: (1,1,2): 4.0	4.0	4.0	5.0	4.0
1002: (1,1,2): 4.0	5.0	4.0	4.0	4.0
1003: (1,1,2): 4.0	4.0	4.0	4.0	4.0
1004: (1,1,2): 4.0	4.0	4.0	4.0	4.0
1005: (1,1,2): 4.0	4.0	4.0	4.0	4.0
1006: (1,1,2): -1	-1	-1	-1	-1
1007: (1,1,2): 4.0	4.0	4.0	4.0	4.0
1008: (1,1,2): 4.0	4.0	4.0	4.0	4.0
1009: (1,1,2): 4.0	4.0	4.0	5.0	4.0
1010: (1,1,2): 4.0	5.0	4.0	5.0	5.0
1011: (1,1,2): 4.0	4.0	4.0	4.0	4.0
1012: (1,1,2): 4.0	5.0	4.0	5.0	5.0
1013: (1,1,2): -1	-1	-1	-1	-1
1014: (1,1,2): 4.0	5.0	4.0	4.0	4.0
1015: (1,1,2): 4.0	4.0	4.0	5.0	4.0
1016: (1,1,2): 4.0	4.0	4.0	4.0	4.0
1017: (1,1,2): 5.0	5.0	5.0	5.0	5.0
1018: (1,1,2): 4.0	4.0	4.0	5.0	4.0
1019: (1,1,2): 4.0	4.0	4.0	4.0	4.0
1020: (1,1,2): 4.0	4.0	4.0	5.0	4.0
1021: (1,1,2): 5.0	5.0	4.0	5.0	5.0
1022: (1,1,2): 4.0	4.0	4.0	4.0	4.0
1023: (1,1,2): 4.0	4.0	3.0	4.0	4.0
1024: (1,1,2): 4.0	4.0	4.0	4.0	4.0
1025: (1,1,2): 4.0	4.0	4.0	4.0	4.0
1026: (1,1,2): 4.0	5.0	4.0	4.0	4.0
1027: (1,1,2): 4.0	5.0	4.0	5.0	5.0
1028: (1,1,2): 4.0	4.0	4.0	4.0	4.0
1029: (1,1,2): 4.0	4.0	4.0	4.0	4.0
1030: (1,1,2): 4.0	5.0	4.0	4.0	4.0
1031: (1,1,2): 4.0	4.0	4.0	4.0	4.0
1032: (1,1,2): 4.0	4.0	4.0	4.0	4.0
1033: (1,1,2): 4.0	4.0	3.0	4.0	4.0
1034: (1,1,2): 4.0	5.0	5.0	5.0	5.0
1035: (1,1,2): 4.0	4.0	4.0	4.0	4.0
1036: (1,1,2): 4.0	4.0	4.0	4.0	4.0
1037: (1,1,2): 4.0	5.0	4.0	5.0	5.0
1038: (1,1,2): 4.0	4.0	4.0	5.0	4.0
1039: (1,1,2): 4.0	4.0	4.0	5.0	4.0
1040: (1,1,2): -1	-1	-1	-1	-1
1041: (1,1,2): 4.0	4.0	4.0	4.0	4.0
1042: (1,1,2): 4.0	4.0	4.0	4.0	4.0
1043: (1,1,2): 4.0	4.0	4.0	4.0	4.0
1044: (1,1,2): 4.0	5.0	4.0	5.0	5.0
1045: (1,1,2): 4.0	4.0	4.0	4.0	4.0
1046: (1,1,2): 4.0	5.0	4.0	5.0	4.0
1047: (1,1,2): 5.0	5.0	4.0	5.0	5.0
1048: (1,1,2): 4.0	4.0	4.0	5.0	4.0
1049: (1,1,2): 4.0	4.0	4.0	5.0	4.0
1050: (1,1,2): 4.0	5.0	4.0	4.0	4.0
1051: (1,1,2): 4.0	5.0	4.0	5.0	5.0
1052: (1,1,2): 4.0	4.0	4.0	4.0	4.0
1053: (1,1,2): 4.0	5.0	4.0	4.0	4.0
1054: (1,1,2): 5.0	4.0	4.0	5.0	4.0
1055: (1,1,2): 4.0	4.0	4.0	4.0	4.0
1056: (1,1,2): 4.0	4.0	4.0	4.0	4.0
1057: (1,1,2): 4.0	4.0	4.0	4.0	4.0
1058: (1,1,2): 4.0	4.0	4.0	4.0	4.0
1059: (1,1,2): 4.0	4.0	4.0	4.0	4.0
1060: (1,1,2): 4.0	4.0	4.0	4.0	4.0
1061: (1,1,2): 4.0	5.0	4.0	4.0	4.0
1062: (1,1,2): 4.0	5.0	4.0	4.0	4.0
1063: (1,1,2): 4.0	4.0	4.0	4.0	4.0
1064: (1,1,2): 4.0	4.0	4.0	4.0	4.0
1065: (1,1,2): 4.0	4.0	4.0	5.0	4.0
1066: (1,1,2): 5.0	5.0	5.0	5.0	5.0
1067: (1,1,2): 4.0	4.0	4.0	4.0	4.0
1068: (1,1,2): 4.0	4.0	4.0	5.0	4.0
1069: (1,1,2): 4.0	4.0	4.0	4.0	4.0
1070: (1,1,2): -1	-1	-1	-1	-1
1071: (1,1,2): 4.0	4.0	4.0	4.0	4.0
1072: (1,1,2): 4.0	4.0	4.0	5.0	4.0
1073: (1,1,2): -1	-1	-1	-1	-1
1074: (1,1,2): 4.0	4.0	3.0	4.0	4.0
1075: (1,1,2): 4.0	5.0	4.0	4.0	4.0
1076: (1,1,2): 4.0	4.0	4.0	4.0	4.0
1077: (1,1,2): 4.0	4.0	4.0	5.0	4.0
1078: (1,1,2): 4.0	4.0	4.0	4.0	4.0
1079: (1,1,2): -1	-1	-1	-1	-1
1080: (1,1,2): 4.0	4.0	4.0	5.0	4.0
1081: (1,1,2): 4.0	5.0	4.0	4.0	4.0
1082: (1,1,2): -1	-1	-1	-1	-1
1083: (1,1,2): 4.0	4.0	3.0	4.0	4.0
1084: (1,1,2): 4.0	5.0	4.0	4.0	4.0
1085: (1,1,2): 4.0	5.0	4.0	4.0	5.0
1086: (1,1,2): 4.0	4.0	4.0	4.0	4.0
1087: (1,1,2): 4.0	4.0	4.0	4.0	4.0
1088: (1,1,2): 4.0	5.0	4.0	5.0	5.0
1089: (1,1,2): 5.0	5.0	4.0	5.0	5.0
1090: (0,0,0): 4.0	5.0	4.0	5.0	5.0
1091: (0,0,0): 4.0	4.0	4.0	5.0	4.0
1092: (0,0,0): 4.0	5.0	4.0	5.0	5.0
1093: (0,0,0): 4.0	4.0	3.0	4.0	4.0
1094: (0,0,0): 4.0	5.0	4.0	5.0	5.0
1095: (0,0,0): 4.0	4.0	3.0	4.0	4.0
1096: (0,0,0): 4.0	4.0	4.0	5.0	4.0
1097: (0,0,0): 4.0	4.0	4.0	4.0	4.0
1098: (0,0,0): 4.0	4.0	3.0	4.0	4.0
1099: (0,0,0): 4.0	5.0	3.0	4.0	4.0
1100: (0,0,1): 4.0	4.0	4.0	4.0	4.0
1101: (0,0,1): 4.0	4.0	4.0	4.0	4.0
1102: (0,0,1): 4.0	5.0	4.0	4.0	4.0
1103: (0,0,1): -1	-1	-1	-1	-1
1104: (0,0,1): 4.0	4.0	3.0	4.0	4.0
1105: (0,0,1): 4.0	4.0	4.0	4.0	4.0
1106: (0,0,1): 4.0	4.0	4.0	4.0	4.0
1107: (0,0,1): 4.0	4.0	4.0	4.0	4.0
1108: (0,0,1): 4.0	4.0	4.0	4.0	4.0
1109: (0,0,1): 4.0	5.0	4.0	5.0	5.0
1110: (0,0,2): 4.0	5.0	4.0	4.0	4.0
1111: (0,0,2): 4.0	5.0	4.0	5.0	5.0
1112: (0,0,2): -1	-1	-1	-1	-1
1113: (0,0,2): 4.0	5.0	4.0	5.0	5.0
1114: (0,0,2): 4.0	5.0	4.0	5.0	5.0
1115: (0,0,2): 4.0	5.0	4.0	5.0	5.0
1116: (0,0,2): 4.0	5.0	4.0	4.0	4.0
1117: (0,0,2): 4.0	4.0	3.0	4.0	4.0
1118: (0,0,2): 4.0	4.0	3.0	4.0	4.0
1119: (0,0,2): 4.0	5.0	4.0	5.0	5.0
1120: (0,1,0): 4.0	4.0	5.0	4.0	4.0
1121: (0,1,0): 4.0	4.0	4.0	4.0	4.0
1122: (0,1,0): -1	-1	-1	-1	-1
1123: (0,1,0): 4.0	5.0	4.0	5.0	5.0
1124: (0,1,0): 3.0	4.0	4.0	4.0	4.0
1125: (0,1,0): 4.0	4.0	5.0	4.0	4.0
1126: (0,1,0): 4.0	5.0	4.0	5.0	5.0
1127: (0,1,0): 4.0	4.0	4.0	4.0	4.0
1128: (0,1,0): 4.0	4.0	4.0	4.0	4.0
1129: (0,1,0): 4.0	5.0	4.0	5.0	5.0
1130: (0,1,1): 4.0	4.0	3.0	4.0	4.0
1131: (0,1,1): 3.0	4.0	4.0	4.0	4.0
1132: (0,1,1): 4.0	4.0	4.0	5.0	4.0
1133: (0,1,1): 2.0	3.0	3.0	3.0	3.0
1134: (0,1,1): 4.0	4.0	4.0	4.0	4.0
1135: (0,1,1): 4.0	4.0	4.0	4.0	4.0
1136: (0,1,1): 3.0	4.0	4.0	4.0	4.0
1137: (0,1,1): 4.0	4.0	4.0	4.0	4.0
1138: (0,1,1): -1	-1	-1	-1	-1
1139: (0,1,1): 4.0	4.0	4.0	4.0	4.0
1140: (0,1,2): -1	-1	-1	-1	-1
1141: (0,1,2): 4.0	4.0	4.0	4.0	4.0
1142: (0,1,2): 4.0	4.0	4.0	4.0	4.0
1143: (0,1,2): 4.0	5.0	4.0	5.0	5.0
1144: (0,1,2): 4.0	4.0	4.0	4.0	4.0
1145: (0,1,2): 3.0	4.0	4.0	4.0	4.0
1146: (0,1,2): 4.0	4.0	3.0	4.0	4.0
1147: (0,1,2): 4.0	5.0	4.0	5.0	5.0
1148: (0,1,2): 4.0	4.0	4.0	4.0	4.0
1149: (0,1,2): 4.0	4.0	3.0	4.0	4.0
1150: (1,0,0): 5.0	5.0	4.0	5.0	5.0
1151: (1,0,0): 4.0	4.0	4.0	4.0	4.0
1152: (1,0,0): 4.0	5.0	4.0	5.0	4.0
1153: (1,0,0): 4.0	5.0	5.0	5.0	5.0
1154: (1,0,0): 5.0	5.0	5.0	5.0	5.0
1155: (1,0,0): 4.0	5.0	4.0	5.0	5.0
1156: (1,0,0): 4.0	5.0	5.0	5.0	5.0
1157: (1,0,0): 4.0	5.0	4.0	5.0	5.0
1158: (1,0,0): 5.0	4.0	4.0	5.0	5.0
1159: (1,0,0): 4.0	5.0	5.0	4.0	5.0
1160: (1,0,1): 4.0	5.0	4.0	5.0	5.0
1161: (1,0,1): 4.0	4.0	4.0	4.0	4.0
1162: (1,0,1): 4.0	4.0	4.0	5.0	4.0
1163: (1,0,1): 4.0	4.0	4.0	4.0	4.0
1164: (1,0,1): 4.0	5.0	4.0	4.0	4.0
1165: (1,0,1): 4.0	4.0	4.0	4.0	4.0
1166: (1,0,1): 4.0	4.0	4.0	4.0	4.0
1167: (1,0,1): 4.0	4.0	4.0	4.0	4.0
1168: (1,0,1): 4.0	4.0	4.0	4.0	4.0
1169: (1,0,1): 4.0	4.0	4.0	4.0	4.0
1170: (1,0,2): 4.0	5.0	4.0	5.0	5.0
1171: (1,0,2): 4.0	5.0	4.0	5.0	5.0
1172: (1,0,2): -1	-1	-1	-1	-1
1173: (1,0,2): 4.0	4.0	4.0	4.0	4.0
1174: (1,0,2): -1	-1	-1	-1	-1
1175: (1,0,2): 5.0	4.0	4.0	5.0	4.0
1176: (1,0,2): 4.0	5.0	4.0	4.0	4.0
1177: (1,0,2): -1	-1	-1	-1	-1
1178: (1,0,2): 4.0	5.0	4.0	5.0	5.0
1179: (1,0,2): 4.0	5.0	4.0	5.0	5.0
1180: (1,1,0): -1	-1	-1	-1	-1
1181: (1,1,0): 4.0	4.0	5.0	5.0	5.0
1182: (1,1,0): -1	-1	-1	-1	-1
1183: (1,1,0): 4.0	5.0	4.0	5.0	5.0
1184: (1,1,0): 5.0	5.0	5.0	5.0	5.0
1185: (1,1,0): 4.0	5.0	5.0	5.0	5.0
1186: (1,1,0): 4.0	5.0	5.0	5.0	5.0
1187: (1,1,0): 4.0	5.0	4.0	5.0	5.0
1188: (1,1,0): 4.0	5.0	5.0	5.0	5.0
1189: (1,1,0): 4.0	5.0	4.0	5.0	4.0
1190: (1,1,1): 4.0	4.0	4.0	4.0	4.0
1191: (1,1,1): 4.0	4.0	4.0	4.0	4.0
1192: (1,1,1): 4.0	4.0	4.0	4.0	4.0
1193: (1,1,1): 3.0	4.0	4.0	4.0	4.0
1194: (1,1,1): 4.0	4.0	4.0	4.0	4.0
1195: (1,1,1): 4.0	4.0	4.0	5.0	4.0
1196: (1,1,1): 4.0	4.0	4.0	4.0	4.0
1197: (1,1,1): 4.0	4.0	3.0	4.0	4.0
1198: (1,1,1): 3.0	4.0	4.0	4.0	4.0
1199: (1,1,1): 4.0	4.0	4.0	4.0	4.0
1200: (1,1,2): 4.0	4.0	4.0	4.0	4.0
1201: (1,1,2): 4.0	4.0	4.0	5.0	4.0
1202: (1,1,2): 5.0	5.0	4.0	5.0	5.0
1203: (1,1,2): 4.0	5.0	4.0	5.0	5.0
1204: (1,1,2): 4.0	4.0	5.0	5.0	5.0
1205: (1,1,2): 4.0	5.0	4.0	5.0	5.0
1206: (1,1,2): 4.0	4.0	4.0	4.0	4.0
1207: (1,1,2): 4.0	4.0	4.0	5.0	4.0
1208: (1,1,2): 4.0	4.0	4.0	4.0	4.0
1209: (1,1,2): 4.0	5.0	4.0	5.0	5.0
